+1 863-270-2274
+237677404034
+254 716783715
+48792739281
0105162513
0111584336
0113000488
0113979699
0114707003
0114766468
0700252571
0702418164
0702483883
0702634791
0704405929
0704953642
0707148096
0707348513
0707459359
0707526649
0707855852
0707976907
0708148648
0708155575
0708255679
0708623514
0711168696
0711309728
0711677821
0711846181
0711973607
0712101034
0712998686
0713090592
0713473347
0713623158
0713942417
0714296052
0714707233
0714968909
0715565901
0716439810
0716480935
0716495971
0716538023
0716705407
0717202020
0718216271
0718465322
0718564612
0719446711
0719486602
0720486791
0720737106
0720752314
0720903274
0720907972
0720913995
0720927892
0721216872
0721436404
0721485066
0721578878
0721708185
0721940344
0722152425
0722249835
0722257681
0722612128
0722647523
0722659205
0722756880
0722881541
0723178370
0724050678
0724330162
0724393330
0724609695
0724727390
0724755520
0725597597
0725643650
0726379828
0726926926
0727058824
0727311737
0727551162
0728162089
0728376445
0729380503
0729839927
0734867366
0739451515
0739992756
0741044147
0741049453
0741555201
0742388137
0743307107
0745650521
0746252088
0746339533
0747383204
0747916642
0748621563
0748879006
0751115066
0756870826
0757138554
0757142375
0757560736
0758172972
0758565235
0758795167
0758825742
0758909441
0759766202
0768373698
0768446110
0769892450
0777152425
0781627808
0784610508
0790634559
0792910972
0792961475
0796535064
0796907184
0796911628
0797603004
